         0    0.3224
    0.0088    0.3882
    0.0531    0.3618
    0.0442    0.4803
    0.0796    0.2961
    0.0796    0.4276
    0.0708    0.5526
    0.0973    0.4671
    0.1239    0.3750
    0.1327    0.4013
    0.1593    0.4605
    0.2035    0.4474
    0.2124    0.4737
    0.1770    0.3553
    0.2035    0.3355
    0.2124    0.3684
    0.2301    0.3158
    0.2389    0.3684
    0.2478    0.3750
    0.2832    0.4474
    0.5841         0
    0.6460    0.0526
    0.6991    0.1118
    0.5044    0.0724
    0.5752    0.0724
    0.6549    0.0789
    0.5487    0.0921
    0.4779    0.0592
    0.5310    0.1053
    0.5752    0.1118
    0.5487    0.1250
    0.5044    0.1382
    0.6372    0.1513
    0.6018    0.1776
    0.5310    0.1711
    0.2124    0.9408
    0.2478    0.9539
    0.2743    0.9803
    0.2566    0.9868
    0.3009    0.9671
    0.3274    0.9605
    0.3009    0.9276
    0.3009    0.9145
    0.2478    0.9145
    0.2655    0.9013
    0.3540    1.0000
    0.3540    0.9539
    0.3540    0.9145
    0.3717    0.9079
    0.3805    0.9539
    0.3982    0.9737
    0.4071    0.9079
    0.4336    0.9211
    0.4248    0.9737
    0.4513    0.9934
    0.4425    0.7895
    0.4956    0.8684
    0.5221    0.8882
    0.7257    0.8421
    0.7168    0.7303
    0.7168    0.6053
    0.6549    0.5921
    0.6195    0.6053
    0.8230    0.7763
    0.8319    0.7368
    0.8319    0.7895
    0.8407    0.7566
    0.8407    0.8158
    0.8584    0.7303
    0.9204    0.7039
    0.9381    0.7039
    0.9204    0.7368
    0.9469    0.8026
    0.9823    0.7434
    1.0000    0.7303
